IMAGE_NAME: frames0024.jpeg
ROTATION:
[[1. 0. 0.]
 [0. 1. 0.]
 [0. 0. 1.]]
TRANSLATION:
[[0.]
 [0.]
 [0.]]

IMAGE_NAME: frames0025.jpeg
ROTATION:
[[ 0.99948458  0.00514358 -0.03168768]
 [-0.00571848  0.99982021 -0.01807894]
 [ 0.03158899  0.01825082  0.9993343 ]]
TRANSLATION:
[[0.68351699]
 [0.69102718]
 [0.23512966]]

IMAGE_NAME: frames0020.jpeg
ROTATION:
[[1. 0. 0.]
 [0. 1. 0.]
 [0. 0. 1.]]
TRANSLATION:
[[0.]
 [0.]
 [0.]]

IMAGE_NAME: frames0021.jpeg
ROTATION:
[[ 0.99961656  0.01753781 -0.02142784]
 [-0.01749786  0.9998448   0.00205038]
 [ 0.02146048 -0.00167465  0.99976829]]
TRANSLATION:
[[ 0.87293231]
 [ 0.22222646]
 [-0.4342863 ]]

IMAGE_NAME: frames0026.jpeg
ROTATION:
[[1. 0. 0.]
 [0. 1. 0.]
 [0. 0. 1.]]
TRANSLATION:
[[0.]
 [0.]
 [0.]]

IMAGE_NAME: frames0019.jpeg
ROTATION:
[[1. 0. 0.]
 [0. 1. 0.]
 [0. 0. 1.]]
TRANSLATION:
[[0.]
 [0.]
 [0.]]

IMAGE_NAME: frames0023.jpeg
ROTATION:
[[1. 0. 0.]
 [0. 1. 0.]
 [0. 0. 1.]]
TRANSLATION:
[[0.]
 [0.]
 [0.]]

IMAGE_NAME: frames0022.jpeg
ROTATION:
[[1. 0. 0.]
 [0. 1. 0.]
 [0. 0. 1.]]
TRANSLATION:
[[0.]
 [0.]
 [0.]]

IMAGE_NAME: frames0018.jpeg
ROTATION:
[[1. 0. 0.]
 [0. 1. 0.]
 [0. 0. 1.]]
TRANSLATION:
[[0.]
 [0.]
 [0.]]

IMAGE_NAME: frames0017.jpeg
ROTATION:
[[ 9.95910814e-01 -4.98077309e-02  7.53713484e-02]
 [ 4.98977442e-02  9.98754094e-01  6.89547881e-04]
 [-7.53117876e-02  3.07413207e-03  9.97155296e-01]]
TRANSLATION:
[[-0.99714107]
 [ 0.05649854]
 [-0.05017577]]

IMAGE_NAME: frames0002.jpeg
ROTATION:
[[1. 0. 0.]
 [0. 1. 0.]
 [0. 0. 1.]]
TRANSLATION:
[[0.]
 [0.]
 [0.]]

IMAGE_NAME: frames0001.jpeg
ROTATION:
[[ 9.99842152e-01 -1.47454351e-02 -9.91179395e-03]
 [ 1.47380397e-02  9.99891054e-01 -8.18752493e-04]
 [ 9.92278696e-03  6.72542841e-04  9.99950542e-01]]
TRANSLATION:
[[-0.99973847]
 [-0.00610125]
 [ 0.0220403 ]]

IMAGE_NAME: frames0006.jpeg
ROTATION:
[[1. 0. 0.]
 [0. 1. 0.]
 [0. 0. 1.]]
TRANSLATION:
[[0.]
 [0.]
 [0.]]

IMAGE_NAME: frames0005.jpeg
ROTATION:
[[ 9.98912599e-01 -2.55363439e-02  3.90065980e-02]
 [ 2.55511703e-02  9.99673509e-01  1.18456161e-04]
 [-3.89968876e-02  8.78336876e-04  9.99238946e-01]]
TRANSLATION:
[[-0.95845926]
 [ 0.04523782]
 [-0.28161922]]

IMAGE_NAME: frames0007.jpeg
ROTATION:
[[ 0.99868899  0.03490015 -0.03744702]
 [-0.03473866  0.99938415  0.0049548 ]
 [ 0.03759688 -0.00364745  0.99928633]]
TRANSLATION:
[[ 0.95650094]
 [-0.06326321]
 [ 0.28478716]]

IMAGE_NAME: frames0003.jpeg
ROTATION:
[[ 9.99548636e-01  2.01534543e-02 -2.22791783e-02]
 [-2.01359352e-02  9.99796741e-01  1.01042323e-03]
 [ 2.22950134e-02 -5.61355076e-04  9.99751278e-01]]
TRANSLATION:
[[ 0.9886245 ]
 [-0.08628296]
 [ 0.12319434]]

IMAGE_NAME: frames0008.jpeg
ROTATION:
[[ 0.95838338  0.17978427 -0.22176317]
 [-0.17909303  0.98355399  0.02339322]
 [ 0.22232178  0.01729657  0.97481991]]
TRANSLATION:
[[ 0.98512874]
 [-0.10401266]
 [ 0.13675792]]

IMAGE_NAME: frames0011.jpeg
ROTATION:
[[1. 0. 0.]
 [0. 1. 0.]
 [0. 0. 1.]]
TRANSLATION:
[[0.]
 [0.]
 [0.]]

IMAGE_NAME: frames0012.jpeg
ROTATION:
[[ 0.98813916  0.09399255 -0.12143478]
 [-0.0938964   0.99556058  0.00652665]
 [ 0.12150914  0.00495306  0.99257795]]
TRANSLATION:
[[ 0.99578827]
 [ 0.04581671]
 [-0.07941373]]

IMAGE_NAME: frames0016.jpeg
ROTATION:
[[ 0.96553519 -0.1669911   0.19963908]
 [ 0.17022195  0.98540525  0.00099491]
 [-0.19689154  0.03302233  0.979869  ]]
TRANSLATION:
[[-0.94919097]
 [ 0.13082004]
 [-0.28622128]]

IMAGE_NAME: frames0004.jpeg
ROTATION:
[[ 0.99463873 -0.06885098  0.07715785]
 [ 0.06969051  0.99753464 -0.00823819]
 [-0.07640042  0.01357119  0.99698485]]
TRANSLATION:
[[-0.89521758]
 [ 0.21925043]
 [-0.38796229]]

IMAGE_NAME: frames0009.jpeg
ROTATION:
[[ 0.96051701  0.16899856 -0.22101258]
 [-0.16940483  0.98539544  0.01725778]
 [ 0.22070133  0.02086421  0.97511825]]
TRANSLATION:
[[ 0.99833546]
 [-0.04977404]
 [ 0.02913521]]

IMAGE_NAME: frames0015.jpeg
ROTATION:
[[ 9.99939491e-01 -1.09822553e-02  6.35761824e-04]
 [ 1.09863543e-02  9.99916189e-01 -6.84947524e-03]
 [-5.60485854e-04  6.85604549e-03  9.99976340e-01]]
TRANSLATION:
[[-0.97808657]
 [ 0.20736678]
 [-0.01859264]]

IMAGE_NAME: frames0038.jpeg
ROTATION:
[[1. 0. 0.]
 [0. 1. 0.]
 [0. 0. 1.]]
TRANSLATION:
[[0.]
 [0.]
 [0.]]

IMAGE_NAME: frames0036.jpeg
ROTATION:
[[1. 0. 0.]
 [0. 1. 0.]
 [0. 0. 1.]]
TRANSLATION:
[[0.]
 [0.]
 [0.]]

IMAGE_NAME: frames0035.jpeg
ROTATION:
[[ 0.9750713  -0.15093028  0.16265306]
 [ 0.15192047  0.98837196  0.00640604]
 [-0.16172859  0.01846398  0.98666253]]
TRANSLATION:
[[-0.99640164]
 [-0.05065661]
 [ 0.06795348]]

IMAGE_NAME: frames0014.jpeg
ROTATION:
[[1. 0. 0.]
 [0. 1. 0.]
 [0. 0. 1.]]
TRANSLATION:
[[0.]
 [0.]
 [0.]]

IMAGE_NAME: frames0010.jpeg
ROTATION:
[[ 0.95001857  0.18594458 -0.25077745]
 [-0.18425939  0.98240743  0.03039943]
 [ 0.25201824  0.01732808  0.96756733]]
TRANSLATION:
[[ 0.99776195]
 [-0.06386205]
 [-0.0198174 ]]

IMAGE_NAME: frames0027.jpeg
ROTATION:
[[1. 0. 0.]
 [0. 1. 0.]
 [0. 0. 1.]]
TRANSLATION:
[[0.]
 [0.]
 [0.]]

IMAGE_NAME: frames0013.jpeg
ROTATION:
[[1. 0. 0.]
 [0. 1. 0.]
 [0. 0. 1.]]
TRANSLATION:
[[0.]
 [0.]
 [0.]]

IMAGE_NAME: frames0039.jpeg
ROTATION:
[[ 0.99077456  0.07249918 -0.11449734]
 [-0.07610171  0.99672333 -0.02740686]
 [ 0.1121352   0.03586747  0.99304543]]
TRANSLATION:
[[ 0.30124009]
 [ 0.53926289]
 [-0.78641588]]

IMAGE_NAME: frames0041.jpeg
ROTATION:
[[ 9.99986652e-01 -5.11577035e-03  7.24023131e-04]
 [ 5.11797077e-03  9.99982189e-01 -3.07064774e-03]
 [-7.08301506e-04  3.07431228e-03  9.99995023e-01]]
TRANSLATION:
[[-0.09362429]
 [ 0.44324153]
 [-0.89149955]]

IMAGE_NAME: frames0037.jpeg
ROTATION:
[[1. 0. 0.]
 [0. 1. 0.]
 [0. 0. 1.]]
TRANSLATION:
[[0.]
 [0.]
 [0.]]

IMAGE_NAME: frames0028.jpeg
ROTATION:
[[1. 0. 0.]
 [0. 1. 0.]
 [0. 0. 1.]]
TRANSLATION:
[[0.]
 [0.]
 [0.]]

IMAGE_NAME: frames0040.jpeg
ROTATION:
[[ 0.99090876  0.05652215 -0.12208634]
 [-0.05871514  0.99817037 -0.01443742]
 [ 0.12104693  0.02147448  0.99241447]]
TRANSLATION:
[[ 0.12701022]
 [ 0.50287055]
 [-0.85497931]]

IMAGE_NAME: frames0029.jpeg
ROTATION:
[[ 0.94001614  0.20850279 -0.26999306]
 [-0.20703391  0.97773434  0.03424204]
 [ 0.27112104  0.02370965  0.96225321]]
TRANSLATION:
[[ 0.99091751]
 [-0.10230273]
 [ 0.08727331]]

IMAGE_NAME: frames0030.jpeg
ROTATION:
[[1. 0. 0.]
 [0. 1. 0.]
 [0. 0. 1.]]
TRANSLATION:
[[0.]
 [0.]
 [0.]]

IMAGE_NAME: frames0031.jpeg
ROTATION:
[[ 0.89043838  0.275159   -0.36250105]
 [-0.27366511  0.96015875  0.0565913 ]
 [ 0.36363016  0.04881282  0.93026363]]
TRANSLATION:
[[ 0.97907509]
 [-0.129352  ]
 [ 0.15709877]]

IMAGE_NAME: frames0032.jpeg
ROTATION:
[[ 0.86202805  0.30626356 -0.40386912]
 [-0.30435806  0.94992855  0.07072419]
 [ 0.40530706  0.06195459  0.91207885]]
TRANSLATION:
[[ 0.96746133]
 [-0.15911785]
 [ 0.19672338]]

IMAGE_NAME: frames0033.jpeg
ROTATION:
[[1. 0. 0.]
 [0. 1. 0.]
 [0. 0. 1.]]
TRANSLATION:
[[0.]
 [0.]
 [0.]]

IMAGE_NAME: frames0034.jpeg
ROTATION:
[[ 0.79209806  0.36128372 -0.49199058]
 [-0.35863507  0.92768539  0.10383021]
 [ 0.49392464  0.09420137  0.86438681]]
TRANSLATION:
[[ 0.94145526]
 [-0.19786455]
 [ 0.27296816]]

