IMAGE_NAME: frames0074.jpeg
ROTATION:
[[1. 0. 0.]
 [0. 1. 0.]
 [0. 0. 1.]]
TRANSLATION:
[[0.]
 [0.]
 [0.]]

IMAGE_NAME: frames0073.jpeg
ROTATION:
[[ 0.9999951  -0.00203284  0.0023808 ]
 [ 0.00203538  0.99999736 -0.00106483]
 [-0.00237863  0.00106967  0.9999966 ]]
TRANSLATION:
[[-0.14324932]
 [ 0.29728746]
 [-0.94398082]]

IMAGE_NAME: frames0075.jpeg
ROTATION:
[[ 9.99999914e-01 -3.82361421e-04 -1.60123225e-04]
 [ 3.82514037e-04  9.99999472e-01  9.54173084e-04]
 [ 1.59758302e-04 -9.54234251e-04  9.99999532e-01]]
TRANSLATION:
[[-0.06834996]
 [ 0.56065062]
 [-0.82522673]]

IMAGE_NAME: frames0062.jpeg
ROTATION:
[[1. 0. 0.]
 [0. 1. 0.]
 [0. 0. 1.]]
TRANSLATION:
[[0.]
 [0.]
 [0.]]

IMAGE_NAME: frames0063.jpeg
ROTATION:
[[ 9.99963767e-01  7.77269599e-03 -3.47140696e-03]
 [-7.77442865e-03  9.99969661e-01 -4.85908579e-04]
 [ 3.46752482e-03  5.12879178e-04  9.99993857e-01]]
TRANSLATION:
[[ 0.41289847]
 [-0.30660619]
 [ 0.85761734]]

IMAGE_NAME: frames0061.jpeg
ROTATION:
[[ 0.99996949 -0.00388456  0.00677684]
 [ 0.00389647  0.99999089 -0.00174433]
 [-0.00677     0.00177068  0.99997552]]
TRANSLATION:
[[-0.9838382 ]
 [ 0.14281787]
 [-0.10800674]]

IMAGE_NAME: frames0059.jpeg
ROTATION:
[[1. 0. 0.]
 [0. 1. 0.]
 [0. 0. 1.]]
TRANSLATION:
[[0.]
 [0.]
 [0.]]

IMAGE_NAME: frames0060.jpeg
ROTATION:
[[ 9.99995415e-01  2.93597580e-03 -7.41946042e-04]
 [-2.93514992e-03  9.99995074e-01  1.11176849e-03]
 [ 7.45206513e-04 -1.10958566e-03  9.99999107e-01]]
TRANSLATION:
[[ 0.30023475]
 [ 0.37487725]
 [-0.87711239]]

IMAGE_NAME: frames0076.jpeg
ROTATION:
[[1. 0. 0.]
 [0. 1. 0.]
 [0. 0. 1.]]
TRANSLATION:
[[0.]
 [0.]
 [0.]]

IMAGE_NAME: frames0072.jpeg
ROTATION:
[[1. 0. 0.]
 [0. 1. 0.]
 [0. 0. 1.]]
TRANSLATION:
[[0.]
 [0.]
 [0.]]

IMAGE_NAME: frames0071.jpeg
ROTATION:
[[ 9.99976182e-01 -4.78519449e-03  4.97367088e-03]
 [ 4.78032233e-03  9.99988083e-01  9.91015977e-04]
 [-4.97835381e-03 -9.67216623e-04  9.99987140e-01]]
TRANSLATION:
[[-0.66673048]
 [-0.05482784]
 [-0.74327947]]

IMAGE_NAME: frames0058.jpeg
ROTATION:
[[1. 0. 0.]
 [0. 1. 0.]
 [0. 0. 1.]]
TRANSLATION:
[[0.]
 [0.]
 [0.]]

IMAGE_NAME: frames0077.jpeg
ROTATION:
[[ 0.99955385  0.0274345  -0.01180906]
 [-0.02734719  0.99959791  0.00749298]
 [ 0.01200987 -0.00716669  0.9999022 ]]
TRANSLATION:
[[ 0.423075  ]
 [ 0.01113562]
 [-0.90602624]]

IMAGE_NAME: frames0070.jpeg
ROTATION:
[[1. 0. 0.]
 [0. 1. 0.]
 [0. 0. 1.]]
TRANSLATION:
[[0.]
 [0.]
 [0.]]

IMAGE_NAME: frames0068.jpeg
ROTATION:
[[1. 0. 0.]
 [0. 1. 0.]
 [0. 0. 1.]]
TRANSLATION:
[[0.]
 [0.]
 [0.]]

IMAGE_NAME: frames0069.jpeg
ROTATION:
[[ 0.99994218  0.00582083 -0.00904183]
 [-0.00580166  0.99998087  0.00214482]
 [ 0.00905414 -0.00209224  0.99995682]]
TRANSLATION:
[[ 0.52002123]
 [-0.53111531]
 [ 0.66895026]]

IMAGE_NAME: frames0057.jpeg
ROTATION:
[[1. 0. 0.]
 [0. 1. 0.]
 [0. 0. 1.]]
TRANSLATION:
[[0.]
 [0.]
 [0.]]

IMAGE_NAME: frames0064.jpeg
ROTATION:
[[1. 0. 0.]
 [0. 1. 0.]
 [0. 0. 1.]]
TRANSLATION:
[[0.]
 [0.]
 [0.]]

IMAGE_NAME: frames0003.jpeg
ROTATION:
[[1. 0. 0.]
 [0. 1. 0.]
 [0. 0. 1.]]
TRANSLATION:
[[0.]
 [0.]
 [0.]]

IMAGE_NAME: frames0002.jpeg
ROTATION:
[[ 9.99893411e-01 -2.77271743e-03 -1.43345565e-02]
 [ 2.75982370e-03  9.99995769e-01 -9.19188686e-04]
 [ 1.43370445e-02  8.79529861e-04  9.99896832e-01]]
TRANSLATION:
[[-9.92469246e-01]
 [ 1.22490344e-01]
 [ 9.54115858e-04]]

IMAGE_NAME: frames0056.jpeg
ROTATION:
[[1. 0. 0.]
 [0. 1. 0.]
 [0. 0. 1.]]
TRANSLATION:
[[0.]
 [0.]
 [0.]]

IMAGE_NAME: frames0067.jpeg
ROTATION:
[[ 9.99902898e-01 -9.49571890e-03  1.01993454e-02]
 [ 9.49640365e-03  9.99954908e-01 -1.87081893e-05]
 [-1.01987079e-02  1.15563474e-04  9.99947985e-01]]
TRANSLATION:
[[-0.43500565]
 [ 0.51292621]
 [-0.74005188]]

IMAGE_NAME: frames0066.jpeg
ROTATION:
[[1. 0. 0.]
 [0. 1. 0.]
 [0. 0. 1.]]
TRANSLATION:
[[0.]
 [0.]
 [0.]]

IMAGE_NAME: frames0065.jpeg
ROTATION:
[[ 0.998673   -0.0345168   0.03822077]
 [ 0.03462812  0.99939772 -0.0022541 ]
 [-0.03811995  0.00357463  0.99926678]]
TRANSLATION:
[[-0.22558245]
 [ 0.48496206]
 [-0.84494045]]

IMAGE_NAME: frames0052.jpeg
ROTATION:
[[1. 0. 0.]
 [0. 1. 0.]
 [0. 0. 1.]]
TRANSLATION:
[[0.]
 [0.]
 [0.]]

IMAGE_NAME: frames0053.jpeg
ROTATION:
[[ 0.99969054  0.01315962 -0.02111048]
 [-0.01327594  0.9998974  -0.00537959]
 [ 0.02103752  0.00565818  0.99976268]]
TRANSLATION:
[[ 0.93121752]
 [ 0.26154221]
 [-0.25382988]]

IMAGE_NAME: frames0078.jpeg
ROTATION:
[[ 0.99397931  0.06186121 -0.09043403]
 [-0.06199075  0.99807577  0.0013783 ]
 [ 0.09034528  0.00423607  0.99590149]]
TRANSLATION:
[[ 0.97481126]
 [ 0.07852262]
 [-0.20875153]]

IMAGE_NAME: frames0005.jpeg
ROTATION:
[[1. 0. 0.]
 [0. 1. 0.]
 [0. 0. 1.]]
TRANSLATION:
[[0.]
 [0.]
 [0.]]

IMAGE_NAME: frames0006.jpeg
ROTATION:
[[ 9.99999505e-01 -5.53602032e-04  8.26618499e-04]
 [ 5.53408554e-04  9.99999819e-01  2.34270286e-04]
 [-8.26748042e-04 -2.33812712e-04  9.99999631e-01]]
TRANSLATION:
[[ 9.96894001e-01]
 [-9.87444367e-04]
 [ 7.87488179e-02]]

IMAGE_NAME: frames0001.jpeg
ROTATION:
[[ 9.99976497e-01 -4.58537695e-03 -5.09702968e-03]
 [ 4.58898220e-03  9.99989228e-01  6.95854944e-04]
 [ 5.09378402e-03 -7.19228768e-04  9.99986768e-01]]
TRANSLATION:
[[-0.99339124]
 [-0.04296795]
 [ 0.10643117]]

IMAGE_NAME: frames0044.jpeg
ROTATION:
[[1. 0. 0.]
 [0. 1. 0.]
 [0. 0. 1.]]
TRANSLATION:
[[0.]
 [0.]
 [0.]]

IMAGE_NAME: frames0045.jpeg
ROTATION:
[[ 9.99963121e-01  5.81550853e-03  6.31946316e-03]
 [-5.81992063e-03  9.99982833e-01  6.80010557e-04]
 [-6.31540007e-03 -7.16764253e-04  9.99979801e-01]]
TRANSLATION:
[[ 0.98478727]
 [-0.1729049 ]
 [ 0.01726045]]

IMAGE_NAME: frames0046.jpeg
ROTATION:
[[ 9.99867194e-01 -9.00164535e-04 -1.62722131e-02]
 [ 9.09435415e-04  9.99999428e-01  5.62346094e-04]
 [ 1.62716976e-02 -5.77069938e-04  9.99867441e-01]]
TRANSLATION:
[[ 0.99712934]
 [-0.0743538 ]
 [ 0.01430365]]

IMAGE_NAME: frames0051.jpeg
ROTATION:
[[ 0.99996247 -0.00586806 -0.00637327]
 [ 0.00588244  0.99998019  0.00223857]
 [ 0.00636001 -0.00227597  0.99997718]]
TRANSLATION:
[[-0.96339192]
 [ 0.21777628]
 [-0.15636338]]

IMAGE_NAME: frames0054.jpeg
ROTATION:
[[1. 0. 0.]
 [0. 1. 0.]
 [0. 0. 1.]]
TRANSLATION:
[[0.]
 [0.]
 [0.]]

IMAGE_NAME: frames0105.jpeg
ROTATION:
[[1. 0. 0.]
 [0. 1. 0.]
 [0. 0. 1.]]
TRANSLATION:
[[0.]
 [0.]
 [0.]]

IMAGE_NAME: frames0106.jpeg
ROTATION:
[[ 9.99942182e-01  5.98309300e-03  8.93500777e-03]
 [-5.97679136e-03  9.99981871e-01 -7.31810377e-04]
 [-8.93922428e-03  6.78365389e-04  9.99959814e-01]]
TRANSLATION:
[[ 0.99829248]
 [-0.05815952]
 [ 0.00544036]]

IMAGE_NAME: frames0007.jpeg
ROTATION:
[[ 9.99986291e-01 -1.34410609e-03  5.06084345e-03]
 [ 1.34442727e-03  9.99999094e-01 -6.00634921e-05]
 [-5.06075814e-03  6.68666046e-05  9.99987192e-01]]
TRANSLATION:
[[ 0.99647134]
 [-0.04476855]
 [ 0.07099755]]

IMAGE_NAME: frames0004.jpeg
ROTATION:
[[1. 0. 0.]
 [0. 1. 0.]
 [0. 0. 1.]]
TRANSLATION:
[[0.]
 [0.]
 [0.]]

IMAGE_NAME: frames0055.jpeg
ROTATION:
[[1. 0. 0.]
 [0. 1. 0.]
 [0. 0. 1.]]
TRANSLATION:
[[0.]
 [0.]
 [0.]]

IMAGE_NAME: frames0080.jpeg
ROTATION:
[[1. 0. 0.]
 [0. 1. 0.]
 [0. 0. 1.]]
TRANSLATION:
[[0.]
 [0.]
 [0.]]

IMAGE_NAME: frames0079.jpeg
ROTATION:
[[ 0.9924682  -0.07043674  0.10022738]
 [ 0.07025232  0.99751478  0.00537271]
 [-0.10035673  0.00170896  0.99495005]]
TRANSLATION:
[[-0.98405337]
 [-0.11380949]
 [ 0.13669809]]

IMAGE_NAME: frames0050.jpeg
ROTATION:
[[ 9.99395046e-01 -2.95861547e-02  1.82811719e-02]
 [ 2.95971976e-02  9.99561851e-01 -3.33736518e-04]
 [-1.82632881e-02  8.74606080e-04  9.99832830e-01]]
TRANSLATION:
[[-0.89845125]
 [ 0.22922578]
 [-0.37448751]]

IMAGE_NAME: frames0047.jpeg
ROTATION:
[[ 0.9998474   0.0055022  -0.01658036]
 [-0.00545624  0.99998115  0.00281619]
 [ 0.01659555 -0.0027253   0.99985857]]
TRANSLATION:
[[ 0.97745739]
 [-0.1905067 ]
 [ 0.0910179 ]]

IMAGE_NAME: frames0030.jpeg
ROTATION:
[[1. 0. 0.]
 [0. 1. 0.]
 [0. 0. 1.]]
TRANSLATION:
[[0.]
 [0.]
 [0.]]

IMAGE_NAME: frames0029.jpeg
ROTATION:
[[ 0.99615543 -0.05292607  0.0698083 ]
 [ 0.05269838  0.99859745  0.00510054]
 [-0.06998035 -0.00140215  0.99754738]]
TRANSLATION:
[[-0.93866569]
 [-0.21614845]
 [ 0.26867557]]

IMAGE_NAME: frames0082.jpeg
ROTATION:
[[1. 0. 0.]
 [0. 1. 0.]
 [0. 0. 1.]]
TRANSLATION:
[[0.]
 [0.]
 [0.]]

IMAGE_NAME: frames0083.jpeg
ROTATION:
[[ 0.99398049  0.06790116 -0.08597795]
 [-0.0677945   0.99769062  0.00416319]
 [ 0.08606208  0.0016907   0.99628834]]
TRANSLATION:
[[ 0.9995523 ]
 [-0.01661574]
 [-0.02488212]]

IMAGE_NAME: frames0017.jpeg
ROTATION:
[[1. 0. 0.]
 [0. 1. 0.]
 [0. 0. 1.]]
TRANSLATION:
[[0.]
 [0.]
 [0.]]

IMAGE_NAME: frames0018.jpeg
ROTATION:
[[ 0.99999053  0.00416173  0.00127648]
 [-0.00416475  0.9999885   0.00237595]
 [-0.00126658 -0.00238125  0.99999636]]
TRANSLATION:
[[ 0.90484539]
 [-0.1210974 ]
 [ 0.40815468]]

IMAGE_NAME: frames0107.jpeg
ROTATION:
[[1. 0. 0.]
 [0. 1. 0.]
 [0. 0. 1.]]
TRANSLATION:
[[0.]
 [0.]
 [0.]]

IMAGE_NAME: frames0108.jpeg
ROTATION:
[[ 0.96843731  0.14214795 -0.20475139]
 [-0.1427049   0.98969106  0.01212106]
 [ 0.2043636   0.01748054  0.97873896]]
TRANSLATION:
[[ 0.9942687 ]
 [-0.0529537 ]
 [ 0.09287439]]

IMAGE_NAME: frames0081.jpeg
ROTATION:
[[1. 0. 0.]
 [0. 1. 0.]
 [0. 0. 1.]]
TRANSLATION:
[[0.]
 [0.]
 [0.]]

IMAGE_NAME: frames0028.jpeg
ROTATION:
[[ 0.99542869 -0.06287894  0.07188851]
 [ 0.06285748  0.99801922  0.00256294]
 [-0.07190727  0.00196751  0.99740938]]
TRANSLATION:
[[-0.94732378]
 [-0.15343165]
 [ 0.28113411]]

IMAGE_NAME: frames0048.jpeg
ROTATION:
[[ 0.99946858  0.02474028 -0.02122449]
 [-0.02469966  0.99969255  0.00217393]
 [ 0.02127175 -0.00164853  0.99977237]]
TRANSLATION:
[[ 0.90804393]
 [-0.27570485]
 [ 0.31534593]]

IMAGE_NAME: frames0008.jpeg
ROTATION:
[[ 9.99170516e-01  2.45406301e-02 -3.24967247e-02]
 [-2.45037123e-02  9.99698562e-01  1.53387059e-03]
 [ 3.25245711e-02 -7.36307879e-04  9.99470665e-01]]
TRANSLATION:
[[ 0.98736787]
 [-0.12222891]
 [ 0.10082051]]

IMAGE_NAME: frames0084.jpeg
ROTATION:
[[1. 0. 0.]
 [0. 1. 0.]
 [0. 0. 1.]]
TRANSLATION:
[[0.]
 [0.]
 [0.]]

IMAGE_NAME: frames0049.jpeg
ROTATION:
[[1. 0. 0.]
 [0. 1. 0.]
 [0. 0. 1.]]
TRANSLATION:
[[0.]
 [0.]
 [0.]]

IMAGE_NAME: frames0019.jpeg
ROTATION:
[[1. 0. 0.]
 [0. 1. 0.]
 [0. 0. 1.]]
TRANSLATION:
[[0.]
 [0.]
 [0.]]

IMAGE_NAME: frames0109.jpeg
ROTATION:
[[1. 0. 0.]
 [0. 1. 0.]
 [0. 0. 1.]]
TRANSLATION:
[[0.]
 [0.]
 [0.]]

IMAGE_NAME: frames0104.jpeg
ROTATION:
[[1. 0. 0.]
 [0. 1. 0.]
 [0. 0. 1.]]
TRANSLATION:
[[0.]
 [0.]
 [0.]]

IMAGE_NAME: frames0015.jpeg
ROTATION:
[[1. 0. 0.]
 [0. 1. 0.]
 [0. 0. 1.]]
TRANSLATION:
[[0.]
 [0.]
 [0.]]

IMAGE_NAME: frames0014.jpeg
ROTATION:
[[ 0.99952348 -0.01187695  0.02849115]
 [ 0.01202815  0.99991444 -0.00514136]
 [-0.02842765  0.00548161  0.99958082]]
TRANSLATION:
[[-0.95513201]
 [ 0.22930044]
 [-0.18746771]]

IMAGE_NAME: frames0027.jpeg
ROTATION:
[[1. 0. 0.]
 [0. 1. 0.]
 [0. 0. 1.]]
TRANSLATION:
[[0.]
 [0.]
 [0.]]

IMAGE_NAME: frames0043.jpeg
ROTATION:
[[1. 0. 0.]
 [0. 1. 0.]
 [0. 0. 1.]]
TRANSLATION:
[[0.]
 [0.]
 [0.]]

IMAGE_NAME: frames0086.jpeg
ROTATION:
[[1. 0. 0.]
 [0. 1. 0.]
 [0. 0. 1.]]
TRANSLATION:
[[0.]
 [0.]
 [0.]]

IMAGE_NAME: frames0087.jpeg
ROTATION:
[[ 0.99197668  0.07902088 -0.09868114]
 [-0.07851089  0.99687221  0.00904672]
 [ 0.09908737 -0.00122659  0.99507798]]
TRANSLATION:
[[ 0.99757089]
 [-0.06908239]
 [-0.00894123]]

IMAGE_NAME: frames0016.jpeg
ROTATION:
[[1. 0. 0.]
 [0. 1. 0.]
 [0. 0. 1.]]
TRANSLATION:
[[0.]
 [0.]
 [0.]]

IMAGE_NAME: frames0013.jpeg
ROTATION:
[[ 0.99981934 -0.0040299   0.01857549]
 [ 0.00408877  0.99998673 -0.00313259]
 [-0.01856262  0.00320797  0.99982255]]
TRANSLATION:
[[-0.96074415]
 [ 0.23590086]
 [-0.14601869]]

IMAGE_NAME: frames0036.jpeg
ROTATION:
[[1. 0. 0.]
 [0. 1. 0.]
 [0. 0. 1.]]
TRANSLATION:
[[0.]
 [0.]
 [0.]]

IMAGE_NAME: frames0035.jpeg
ROTATION:
[[ 9.99558410e-01 -1.58218364e-02  2.51526298e-02]
 [ 1.58387168e-02  9.99874448e-01 -4.72022817e-04]
 [-2.51420036e-02  8.70199755e-04  9.99683511e-01]]
TRANSLATION:
[[-0.99713347]
 [-0.01164265]
 [ 0.07476151]]

IMAGE_NAME: frames0009.jpeg
ROTATION:
[[ 0.99596448  0.04978667 -0.07467287]
 [-0.04929553  0.99874885  0.00840713]
 [ 0.07499801 -0.00469216  0.99717264]]
TRANSLATION:
[[ 0.94398892]
 [-0.2123174 ]
 [ 0.25259897]]

IMAGE_NAME: frames0021.jpeg
ROTATION:
[[1. 0. 0.]
 [0. 1. 0.]
 [0. 0. 1.]]
TRANSLATION:
[[0.]
 [0.]
 [0.]]

IMAGE_NAME: frames0022.jpeg
ROTATION:
[[ 0.99579329  0.05422657 -0.0738594 ]
 [-0.05369021  0.99851499  0.00922949]
 [ 0.0742502  -0.00522513  0.99722596]]
TRANSLATION:
[[ 0.963061  ]
 [-0.16822365]
 [ 0.21027199]]

IMAGE_NAME: frames0110.jpeg
ROTATION:
[[ 0.99806782  0.04084654 -0.04682078]
 [-0.04074265  0.99916464  0.00317147]
 [ 0.04691121 -0.00125774  0.99889827]]
TRANSLATION:
[[ 0.99414233]
 [-0.0793779 ]
 [ 0.07334974]]

IMAGE_NAME: frames0020.jpeg
ROTATION:
[[1. 0. 0.]
 [0. 1. 0.]
 [0. 0. 1.]]
TRANSLATION:
[[0.]
 [0.]
 [0.]]

IMAGE_NAME: frames0103.jpeg
ROTATION:
[[ 0.97747219 -0.12338815  0.17124101]
 [ 0.1228616   0.9923291   0.01371086]
 [-0.1716192   0.00763696  0.98513376]]
TRANSLATION:
[[-0.99313812]
 [-0.07632694]
 [ 0.08860512]]

IMAGE_NAME: frames0111.jpeg
ROTATION:
[[ 9.99951462e-01 -5.24626755e-05  9.85247313e-03]
 [ 6.16298523e-05  9.99999566e-01 -9.30142930e-04]
 [-9.85242005e-03  9.30704989e-04  9.99951031e-01]]
TRANSLATION:
[[ 0.99913564]
 [-0.03354066]
 [-0.02455586]]

IMAGE_NAME: frames0042.jpeg
ROTATION:
[[ 0.99365393 -0.07049661  0.08764751]
 [ 0.07092228  0.99748031 -0.00174817]
 [-0.08730343  0.00795324  0.99615002]]
TRANSLATION:
[[-0.99746841]
 [ 0.04840011]
 [-0.05209794]]

IMAGE_NAME: frames0041.jpeg
ROTATION:
[[1. 0. 0.]
 [0. 1. 0.]
 [0. 0. 1.]]
TRANSLATION:
[[0.]
 [0.]
 [0.]]

IMAGE_NAME: frames0040.jpeg
ROTATION:
[[ 0.99651903 -0.04834777  0.06791397]
 [ 0.04868103  0.99880906 -0.00325977]
 [-0.06767548  0.00655454  0.99768586]]
TRANSLATION:
[[-0.99673957]
 [ 0.0769552 ]
 [ 0.02425132]]

IMAGE_NAME: frames0085.jpeg
ROTATION:
[[ 9.93250584e-01 -7.36029779e-02  8.96430636e-02]
 [ 7.38574284e-02  9.97268695e-01  4.79811960e-04]
 [-8.94335366e-02  6.14423264e-03  9.95973840e-01]]
TRANSLATION:
[[-0.99629176]
 [-0.03200798]
 [ 0.07986379]]

IMAGE_NAME: frames0023.jpeg
ROTATION:
[[1. 0. 0.]
 [0. 1. 0.]
 [0. 0. 1.]]
TRANSLATION:
[[0.]
 [0.]
 [0.]]

IMAGE_NAME: frames0026.jpeg
ROTATION:
[[1. 0. 0.]
 [0. 1. 0.]
 [0. 0. 1.]]
TRANSLATION:
[[0.]
 [0.]
 [0.]]

IMAGE_NAME: frames0032.jpeg
ROTATION:
[[1. 0. 0.]
 [0. 1. 0.]
 [0. 0. 1.]]
TRANSLATION:
[[0.]
 [0.]
 [0.]]

IMAGE_NAME: frames0033.jpeg
ROTATION:
[[ 0.99233264  0.07385222 -0.09910495]
 [-0.07406923  0.99725198  0.00149289]
 [ 0.09894286  0.00585918  0.99507587]]
TRANSLATION:
[[ 0.99305834]
 [ 0.05353842]
 [-0.10473186]]

IMAGE_NAME: frames0039.jpeg
ROTATION:
[[1. 0. 0.]
 [0. 1. 0.]
 [0. 0. 1.]]
TRANSLATION:
[[0.]
 [0.]
 [0.]]

IMAGE_NAME: frames0038.jpeg
ROTATION:
[[ 9.96359019e-01 -5.50563312e-02  6.50961291e-02]
 [ 5.52325547e-02  9.98473103e-01 -9.09242511e-04]
 [-6.49466745e-02  4.50135749e-03  9.97878583e-01]]
TRANSLATION:
[[-0.99922956]
 [ 0.03920149]
 [-0.00188119]]

IMAGE_NAME: frames0010.jpeg
ROTATION:
[[1. 0. 0.]
 [0. 1. 0.]
 [0. 0. 1.]]
TRANSLATION:
[[0.]
 [0.]
 [0.]]

IMAGE_NAME: frames0011.jpeg
ROTATION:
[[ 0.99864833  0.03286259 -0.04026858]
 [-0.03268805  0.99945317  0.00498534]
 [ 0.04041039 -0.0036623   0.99917645]]
TRANSLATION:
[[ 0.8819426 ]
 [-0.26331462]
 [ 0.39095096]]

IMAGE_NAME: frames0089.jpeg
ROTATION:
[[1. 0. 0.]
 [0. 1. 0.]
 [0. 0. 1.]]
TRANSLATION:
[[0.]
 [0.]
 [0.]]

IMAGE_NAME: frames0090.jpeg
ROTATION:
[[ 9.88739850e-01  9.50905699e-02 -1.15547790e-01]
 [-9.45066288e-02  9.95468497e-01  1.05341405e-02]
 [ 1.16025883e-01  5.04507666e-04  9.93246062e-01]]
TRANSLATION:
[[ 0.99715729]
 [-0.06482217]
 [ 0.03841121]]

IMAGE_NAME: frames0024.jpeg
ROTATION:
[[1. 0. 0.]
 [0. 1. 0.]
 [0. 0. 1.]]
TRANSLATION:
[[0.]
 [0.]
 [0.]]

IMAGE_NAME: frames0088.jpeg
ROTATION:
[[1. 0. 0.]
 [0. 1. 0.]
 [0. 0. 1.]]
TRANSLATION:
[[0.]
 [0.]
 [0.]]

IMAGE_NAME: frames0025.jpeg
ROTATION:
[[1. 0. 0.]
 [0. 1. 0.]
 [0. 0. 1.]]
TRANSLATION:
[[0.]
 [0.]
 [0.]]

IMAGE_NAME: frames0034.jpeg
ROTATION:
[[1. 0. 0.]
 [0. 1. 0.]
 [0. 0. 1.]]
TRANSLATION:
[[0.]
 [0.]
 [0.]]

IMAGE_NAME: frames0012.jpeg
ROTATION:
[[ 0.9964675   0.04554741 -0.07055463]
 [-0.04507692  0.99894948  0.00824706]
 [ 0.07085614 -0.00503754  0.99747382]]
TRANSLATION:
[[ 0.94313277]
 [-0.20540866]
 [ 0.26135773]]

IMAGE_NAME: frames0102.jpeg
ROTATION:
[[1. 0. 0.]
 [0. 1. 0.]
 [0. 0. 1.]]
TRANSLATION:
[[0.]
 [0.]
 [0.]]

IMAGE_NAME: frames0031.jpeg
ROTATION:
[[ 9.91615081e-01 -7.67662390e-02  1.03954202e-01]
 [ 7.64040128e-02  9.97048974e-01  7.46798530e-03]
 [-1.04220720e-01  5.37151330e-04  9.94554047e-01]]
TRANSLATION:
[[-0.96590312]
 [-0.14458825]
 [ 0.21476824]]

IMAGE_NAME: frames0037.jpeg
ROTATION:
[[1. 0. 0.]
 [0. 1. 0.]
 [0. 0. 1.]]
TRANSLATION:
[[0.]
 [0.]
 [0.]]

IMAGE_NAME: frames0112.jpeg
ROTATION:
[[1. 0. 0.]
 [0. 1. 0.]
 [0. 0. 1.]]
TRANSLATION:
[[0.]
 [0.]
 [0.]]

IMAGE_NAME: frames0093.jpeg
ROTATION:
[[1. 0. 0.]
 [0. 1. 0.]
 [0. 0. 1.]]
TRANSLATION:
[[0.]
 [0.]
 [0.]]

IMAGE_NAME: frames0092.jpeg
ROTATION:
[[ 0.9856301  -0.10077616  0.13556352]
 [ 0.1013368   0.9948483   0.00277651]
 [-0.13514494  0.01100096  0.99076477]]
TRANSLATION:
[[-0.99777557]
 [-0.03271145]
 [ 0.05808503]]

IMAGE_NAME: frames0094.jpeg
ROTATION:
[[1. 0. 0.]
 [0. 1. 0.]
 [0. 0. 1.]]
TRANSLATION:
[[0.]
 [0.]
 [0.]]

IMAGE_NAME: frames0091.jpeg
ROTATION:
[[1. 0. 0.]
 [0. 1. 0.]
 [0. 0. 1.]]
TRANSLATION:
[[0.]
 [0.]
 [0.]]

IMAGE_NAME: frames0101.jpeg
ROTATION:
[[ 0.97867206 -0.12526595  0.16281717]
 [ 0.1245202   0.99210641  0.01481856]
 [-0.16338822  0.00577152  0.98654497]]
TRANSLATION:
[[-0.98829401]
 [-0.09028901]
 [ 0.12297499]]

IMAGE_NAME: frames0113.jpeg
ROTATION:
[[1. 0. 0.]
 [0. 1. 0.]
 [0. 0. 1.]]
TRANSLATION:
[[0.]
 [0.]
 [0.]]

IMAGE_NAME: frames0100.jpeg
ROTATION:
[[1. 0. 0.]
 [0. 1. 0.]
 [0. 0. 1.]]
TRANSLATION:
[[0.]
 [0.]
 [0.]]

IMAGE_NAME: frames0099.jpeg
ROTATION:
[[ 0.97834571 -0.12552328  0.1645709 ]
 [ 0.1264005   0.9919658   0.00517351]
 [-0.1638981   0.01574037  0.98635169]]
TRANSLATION:
[[-0.99849065]
 [-0.02363741]
 [ 0.04957512]]

IMAGE_NAME: frames0098.jpeg
ROTATION:
[[1. 0. 0.]
 [0. 1. 0.]
 [0. 0. 1.]]
TRANSLATION:
[[0.]
 [0.]
 [0.]]

IMAGE_NAME: frames0097.jpeg
ROTATION:
[[ 0.97973055 -0.11943245  0.16082272]
 [ 0.12021287  0.99273603  0.00490395]
 [-0.1602402   0.01452841  0.98697113]]
TRANSLATION:
[[-0.9973093 ]
 [-0.03069122]
 [ 0.06657483]]

IMAGE_NAME: frames0095.jpeg
ROTATION:
[[ 0.97993986  0.11982621 -0.15924682]
 [-0.11879427  0.99278966  0.01601905]
 [ 0.1600181   0.00321991  0.98710883]]
TRANSLATION:
[[ 0.9920196 ]
 [-0.09365014]
 [ 0.0844202 ]]

IMAGE_NAME: frames0118.jpeg
ROTATION:
[[1. 0. 0.]
 [0. 1. 0.]
 [0. 0. 1.]]
TRANSLATION:
[[0.]
 [0.]
 [0.]]

IMAGE_NAME: frames0119.jpeg
ROTATION:
[[ 9.77699268e-01  1.26550690e-01 -1.67597926e-01]
 [-1.24653786e-01  9.91960037e-01  2.18338773e-02]
 [ 1.69013537e-01 -4.55249850e-04  9.85613625e-01]]
TRANSLATION:
[[ 0.95922484]
 [-0.17231672]
 [ 0.22404165]]

IMAGE_NAME: frames0120.jpeg
ROTATION:
[[ 0.98495411  0.11931213 -0.12502008]
 [-0.11771174  0.9928436   0.02013778]
 [ 0.12652807 -0.00511846  0.99194982]]
TRANSLATION:
[[ 0.92474599]
 [-0.22568206]
 [ 0.30645139]]

IMAGE_NAME: frames0116.jpeg
ROTATION:
[[1. 0. 0.]
 [0. 1. 0.]
 [0. 0. 1.]]
TRANSLATION:
[[0.]
 [0.]
 [0.]]

IMAGE_NAME: frames0115.jpeg
ROTATION:
[[ 0.97947598 -0.0993986   0.17534744]
 [ 0.09834113  0.99504372  0.01473178]
 [-0.17594269  0.00281444  0.98439639]]
TRANSLATION:
[[-0.99230343]
 [-0.06405457]
 [ 0.10597605]]

IMAGE_NAME: frames0096.jpeg
ROTATION:
[[1. 0. 0.]
 [0. 1. 0.]
 [0. 0. 1.]]
TRANSLATION:
[[0.]
 [0.]
 [0.]]

IMAGE_NAME: frames0114.jpeg
ROTATION:
[[ 0.99948636  0.01797994 -0.02652806]
 [-0.01805579  0.99983354 -0.00262248]
 [ 0.02647649  0.00310012  0.99964463]]
TRANSLATION:
[[ 0.1154693 ]
 [ 0.5165655 ]
 [-0.84842615]]

IMAGE_NAME: frames0117.jpeg
ROTATION:
[[ 0.98187236 -0.11059856  0.15393058]
 [ 0.11214494  0.99369091 -0.00137227]
 [-0.15280765  0.01860993  0.98808071]]
TRANSLATION:
[[-0.99822521]
 [ 0.05098575]
 [-0.03077151]]

IMAGE_NAME: frames0121.jpeg
ROTATION:
[[1. 0. 0.]
 [0. 1. 0.]
 [0. 0. 1.]]
TRANSLATION:
[[0.]
 [0.]
 [0.]]

IMAGE_NAME: frames0122.jpeg
ROTATION:
[[ 0.98421661  0.1125475  -0.13656765]
 [-0.11163847  0.99364568  0.01432183]
 [ 0.13731174  0.00115043  0.99052721]]
TRANSLATION:
[[ 0.96385466]
 [-0.14407226]
 [ 0.22411467]]

